Calibration performed on CB35 detector, at nominal distance 20.0 mm.

1 spectra selected by acquisition of Multigamma 2018 source:
CB35_MG_d1.ASC

9 of the selected emissions were found in the spectra:
59.54 keV       241Am
88.03 keV       109Cd
122.06 keV       57Co
136.47 keV       57Co
165.85 keV      139Ce
391.7 keV       113Sn
661.66 keV      137Cs
834.85 keV       54Mn
1115.54 keV      65Zn

Energy fit: linear model
(evaluted averaging values for all spectra, max deviation 0.0 channels)
      value      u (k=1)    rel. u
p0:   0.249961   1e-05      (0.0 %)
p1:   0.048576   0.021851   (44.98 %)

corr. M  p0:      p1:      
p0:      1.0      -0.7384  
p1:      -0.7384  1.0      

FWHM fit: quadratic model
(evaluated averaging values for all spectra,
max deviation on X-axis variable 0.0 channels
max deviation on Y-axis variable 0.0 channels)
      value      u (k=1)    rel. u
p0:   0.006905   3.6e-05    (0.52 %)
p1:   10.504087  0.077734   (0.74 %)

corr. M  p0:      p1:      
p0:      1.0      -0.7384  
p1:      -0.7384  1.0      

Efficiency fit: 6term-polynomial model
(evaluated averaging values for all spectra, max deviation 0.0 % efficiency)
0 parameters were dropped due to higher uncertainty than the 80 % value set by the user
      value      u (k=1)    rel. u
p0:   -0.302624  0.09303    (30.74 %)
p1:   -4.486317  0.157625   (3.51 %)
p2:   0.613335   0.081715   (13.32 %)
p3:   -0.071358  0.015769   (22.1 %)
p4:   0.003564   0.001233   (34.61 %)
p5:   -8.2e-05   3.3e-05    (40.2 %)

corr. M  p0:      p1:      p2:      p3:      p4:      p5:      
p0:      1.0      -0.9865  0.9494   -0.9173  0.8912   -0.8703  
p1:      -0.9865  1.0      -0.9861  0.9651   -0.9447  0.9269   
p2:      0.9494   -0.9861  1.0      -0.9943  0.9827   -0.9701  
p3:      -0.9173  0.9651   -0.9943  1.0      -0.9966  0.9896   
p4:      0.8912   -0.9447  0.9827   -0.9966  1.0      -0.998   
p5:      -0.8703  0.9269   -0.9701  0.9896   -0.998   1.0      

energy        isotope  efficiency  residual
136.47 keV       57Co    0.066499   -1.17 %
834.85 keV       54Mn     0.01639   -1.04 %
661.66 keV      137Cs    0.020223    0.98 %
122.06 keV       57Co    0.067914    0.78 %
165.85 keV      139Ce    0.063632    0.51 %
391.7 keV       113Sn    0.031709   -0.28 %
1115.54 keV      65Zn    0.013219    0.28 %
88.03 keV       109Cd    0.055318   -0.06 %
59.54 keV       241Am    0.018938     0.0 %

Vertical variability of detection efficiency assumed equal to the user assigned value of 5.0 % efficiency variation per mm throughout the energy range considered, from 50 keV to 3103 keV

